137.343994140625
146.4219970703125
141.12600708007812
145.02999877929688
159.75
153.82400512695312
160.1020050048828
156.37600708007812
140.26400756835938
152.23800659179688
153.64199829101562
156.51600646972656
156.00799560546875
163.88400268554688
162.25799560546875
161.8820037841797
158.19200134277344
160.66600036621094
159.83399963378906
162.7259979248047
161.6020050048828
163.11199951171875
165.52000427246094
163.37600708007812
163.7740020751953
164.04600524902344
161.16200256347656
167.0
179.6199951171875
176.31199645996094
176.5919952392578
172.87600708007812
177.1320037841797
189.98399353027344
188.13400268554688
205.00999450683594
194.5679931640625
187.05599975585938
198.17999267578125
196.42599487304688
198.35800170898438
200.79200744628906
200.17999267578125
198.86399841308594
200.3560028076172
192.1699981689453
197.1959991455078
191.947998046875
201.8699951171875
215.96200561523438
223.92599487304688
241.73199462890625
274.3160095214844
277.97198486328125
273.1759948730469
278.8559875488281
308.92999267578125
299.4119873046875
303.3599853515625
309.2019958496094
300.12799072265625
300.1679992675781
328.6000061035156
313.6719970703125
318.46600341796875
302.614013671875
283.3999938964844
307.9200134277344
295.2980041503906
299.8219909667969
297.49798583984375
286.1520080566406
297.0
297.3999938964844
297.0039978027344
297.9159851074219
290.5419921875
283.7139892578125
274.87799072265625
310.9519958496094
324.20001220703125
330.1419982910156
367.12799072265625
377.4179992675781
375.70599365234375
400.3659973144531
409.9960021972656
402.8399963378906
404.6679992675781
430.6340026855469
447.75
442.67999267578125
498.32000732421875
475.04998779296875
447.3699951171875
407.0
418.32000732421875
330.2099914550781
366.2799987792969
371.3399963378906
372.7200012207031
419.6199951171875
449.760009765625
441.760009765625
423.42999267578125
442.1499938964844
449.3900146484375
424.2300109863281
380.3599853515625
387.7900085449219
407.3399963378906
421.20001220703125
419.07000732421875
429.010009765625
448.1600036621094
415.0899963378906
425.67999267578125
413.9800109863281
425.29998779296875
425.9200134277344
434.0
442.29998779296875
446.6499938964844
461.29998779296875
448.8800048828125
439.6700134277344
430.8299865722656
421.94000244140625
422.6400146484375
425.7900085449219
420.6300048828125
420.2799987792969
424.67999267578125
406.0199890136719
410.8299865722656
388.0400085449219
400.510009765625
423.8999938964844
420.9800109863281
438.0899963378906
429.95001220703125
421.260009765625
410.3599853515625
417.1300048828125
411.760009765625
408.5
408.0899963378906
441.6099853515625
486.6400146484375
499.2699890136719
489.6099853515625
521.8499755859375
555.3800048828125
574.0
585.760009765625
567.5999755859375
584.760009765625
568.8200073242188
593.3800048828125
599.0399780273438
641.760009765625
649.8800048828125
604.47998046875
627.0700073242188
609.989990234375
639.8300170898438
633.25
622.77001953125
655.9000244140625
695.0
649.8599853515625
640.3400268554688
645.97998046875
661.77001953125
663.6900024414062
665.989990234375
694.780029296875
705.6699829101562
729.77001953125
735.1099853515625
755.97998046875
816.0399780273438
880.02001953125
811.1900024414062
849.4400024414062
854.4099731445312
845.0
826.1599731445312
844.5499877929688
850.4500122070312
844.989990234375
846.6400146484375
880.7999877929688
883.0900268554688
864.1599731445312
835.4299926757812
793.530029296875
839.8099975585938
872.7899780273438
854.6900024414062
849.989990234375
852.22998046875
863.4199829101562
849.4600219726562
804.8200073242188
811.6599731445312
816.1199951171875
796.219970703125
798.1500244140625
787.3800048828125
781.2999877929688
714.5
698.8400268554688
742.02001953125
682.219970703125
675.5
718.4299926757812
686.4400024414062
653.2000122070312
621.4400024414062
597.9500122070312
563.0
673.5800170898438
668.0599975585938
699.5999755859375
693.72998046875
707.9400024414062
676.8800048828125
701.8099975585938
653.1599731445312
654.8699951171875
670.0
662.1599731445312
630.27001953125
640.3900146484375
618.7100219726562
611.2899780273438
635.6199951171875
667.9299926757812
661.75
691.0499877929688
691.6199951171875
670.969970703125
683.7999877929688
677.02001953125
701.97998046875
762.3200073242188
732.22998046875
738.8499755859375
739.780029296875
714.6300048828125
718.989990234375
744.1199951171875
719.6900024414062
729.4000244140625
738.2000122070312
704.739990234375
694.4000244140625
677.0
709.4400024414062
684.9000244140625
673.5999755859375
670.9400024414062
663.5399780273438
672.3699951171875
629.0399780273438
617.2000122070312
589.8900146484375
571.6900024414062
589.739990234375
576.8300170898438
577.8699951171875
563.4600219726562
586.780029296875
580.8800048828125
606.4400024414062
604.6900024414062
619.1300048828125
630.8499755859375
625.219970703125
623.9000244140625
605.1199951171875
572.8400268554688
599.0499877929688
605.1300048828125
603.5900268554688
598.780029296875
610.1199951171875
609.8900146484375
617.6900024414062
599.3599853515625
604.8699951171875
616.5999755859375
623.3099975585938
620.8300170898438
623.7100219726562
656.5700073242188
679.8200073242188
671.8699951171875
688.719970703125
680.760009765625
679.7000122070312
677.9199829101562
678.9000244140625
659.5800170898438
644.6500244140625
652.8099975585938
656.9500122070312
685.7000122070312
668.5399780273438
653.3800048828125
650.5999755859375
644.219970703125
646.219970703125
660.5
655.2899780273438
649.260009765625
643.3800048828125
657.6199951171875
644.780029296875
646.97998046875
677.3499755859375
687.2000122070312
709.6699829101562
709.739990234375
710.9199829101562
714.6300048828125
699.0999755859375
713.760009765625
709.989990234375
707.8200073242188
722.25
717.1699829101562
686.1699829101562
665.7100219726562
688.989990234375
673.469970703125
680.260009765625
706.2999877929688
708.489990234375
711.2000122070312
701.1599731445312
711.9199829101562
730.9099731445312
735.719970703125
734.0900268554688
732.3900146484375
733.5700073242188
752.9199829101562
753.8699951171875
754.8599853515625
736.27001953125
743.0
744.489990234375
755.8300170898438
756.989990234375
759.489990234375
730.1699829101562
739.3800048828125
751.9400024414062
753.6400146484375
774.3900146484375
791.3599853515625
777.5599975585938
781.3099975585938
775.47998046875
775.219970703125
781.530029296875
780.5900268554688
782.75
793.6099853515625
785.489990234375
791.9400024414062
805.719970703125
811.0800170898438
818.3200073242188
843.030029296875
870.1099853515625
864.27001953125
865.7999877929688
894.0
909.6799926757812
1024.8599853515625
1018.4299926757812
1037.8599853515625
1077.0400390625
1114.0
1208.5899658203125
1172.0
1213.8599853515625
1229.9100341796875
1222.0899658203125
1162.93994140625
1023.5
1067.949951171875
1063.510009765625
1033.4200439453125
1013.3900146484375
1054.72998046875
1089.010009765625
1096.3800048828125
1137.06005859375
1156.8699951171875
1109.030029296875
1116.0
1081.9200439453125
1136.989990234375
1144.760009765625
1095.0
1084.5999755859375
1014.969970703125
1009.010009765625
1051.75
1068.9599609375
1003.7999877929688
1017.030029296875
966.4099731445312
958.510009765625
975.989990234375
926.9199829101562
932.5700073242188
899.9400024414062
938.530029296875
1008.8699951171875
1067.0
1093.93994140625
1088.469970703125
1086.18994140625
1070.3399658203125
1056.780029296875
1199.780029296875
1149.5899658203125
1088.1199951171875
1064.699951171875
1026.9599609375
1058.1199951171875
1064.4000244140625
1106.219970703125
1031.56005859375
1049.6099853515625
1030.510009765625
995.6500244140625
996.27001953125
943.9000244140625
930.0
918.4000244140625
937.4099731445312
829.0999755859375
846.3499755859375
936.719970703125
931.25
905.6599731445312
891.1400146484375
923.3200073242188
907.3400268554688
922.0
932.0
904.5499877929688
860.0
875.760009765625
922.4299926757812
923.3900146484375
876.3499755859375
856.97998046875
821.530029296875
764.0399780273438
800.77001953125
809.8699951171875
870.4299926757812
864.3699951171875
879.8900146484375
839.2899780273438
838.2899780273438
804.5800170898438
824.4000244140625
858.969970703125
838.2999877929688
795.3499755859375
766.3699951171875
801.8900146484375
840.22998046875
871.5999755859375
905.3900146484375
921.1599731445312
993.97998046875
999.1099853515625
1013.9199829101562
1010.6400146484375
1091.8399658203125
1099.5699462890625
1093.989990234375
1077.5999755859375
1084.5899658203125
1145.449951171875
1091.260009765625
1045.760009765625
1057.260009765625
1025.489990234375
975.9299926757812
986.9500122070312
1022.3699951171875
985.0
1004.2899780273438
1028.1500244140625
977.2000122070312
1082.81005859375
